version https://git-lfs.github.com/spec/v1
oid sha256:49a23ff842f80ed05f5325b04ce3a9ec55d6f38e36160317df9583d96dc1af8d
size 526
