version https://git-lfs.github.com/spec/v1
oid sha256:fee18ffcb0dc74f46372d808507dcc57bb736782665e056a0524c493c1459529
size 1219
