version https://git-lfs.github.com/spec/v1
oid sha256:90c9e6b26d28503711aa770cdeaff90a570d2bde73e65bb8f167a5a9ea5acb17
size 400
