version https://git-lfs.github.com/spec/v1
oid sha256:d6f76a1b45e48b274d06f2a3f1667065bef962d3442c715335608d5170a77a8d
size 476
