version https://git-lfs.github.com/spec/v1
oid sha256:3def686ce70975ab6dad7184687ec0c129445307ebec4939b00c767299f9e3a9
size 1925082
