version https://git-lfs.github.com/spec/v1
oid sha256:df83a1362cc280e498c8da1bfbfe27642d42809cef2de6890b1c2aa7ecda3248
size 37457
