version https://git-lfs.github.com/spec/v1
oid sha256:d7d22be5c8df2ed27fe1c763c756efce2889e03965bee842d571844f97db61a5
size 1166
